0 0
1 0
2 0
3 0
4 0
5 0
6 0
7 0.851952801968
8 0.460029435449
9 0.315082301959
10 0.239591317965
11 0.193282507301
12 0.161975480340
13 0.139396642253
14 0.484952615840
15 0.473159964686
16 0.408573604271
17 0.349512228763
18 0.302286148051
19 0.265091046336
20 0.235491129186
21 0.313762884913
22 0.373259332514
23 0.386923245142
24 0.372970056258
25 0.348347493970
26 0.321574355482
27 0.296086292189
28 0.301414269471
29 0.324745640485
30 0.346276269470
31 0.355773203510
32 0.353150808184
33 0.342340897041
34 0.327206107819
35 0.318979051681
36 0.320829141416
37 0.329206501414
38 0.338191124264
39 0.343327190515
40 0.342988902799
41 0.337659689152
42 0.331467661926
43 0.327978456391
44 0.328381723933
45 0.331634863068
46 0.335558320833
47 0.338070380505
48 0.337931594921
49 0.335761256656
50 0.333168274521
51 0.331581144598
52 0.331598957587
53 0.332917097306
54 0.334641600242
55 0.335746203465
56 0.335751257593
57 0.334886252073
58 0.333783063176
59 0.333055634503
60 0.333009500300
61 0.333553893591
62 0.334286753742
63 0.334777036000
64 0.334813603027
65 0.334468919476
66 0.333996886695
67 0.333667428016
68 0.333629549577
69 0.333848956502
70 0.334159082696
71 0.334377939856
72 0.334408364202
73 0.334270819279
74 0.334069244815
75 0.333922420717
76 0.333897891170
77 0.333985125255
78 0.334116371044
79 0.334213959233
80 0.334232963735
81 0.334178252432
82 0.334092780903
83 0.334027682337
84 0.334013467699
85 0.334047842339
86 0.334103342548
87 0.334146655034
88 0.334157213533
89 0.334135684292
90 0.334099600882
91 0.334070826298
92 0.334063148204
93 0.334076576193
94 0.334099989533
95 0.334119109165
96 0.334124647323
97 0.334116278900
98 0.334101093136
99 0.334088416174
100 0.334084460620
101 0.334089648669
102 0.334099491406
103 0.334107896197
104 0.334110696947
105 0.334107488242
106 0.334101116243
107 0.334095551673
108 0.334093579518
109 0.334095554653
110 0.334099677959
111 0.334103359440
112 0.334104738892
113 0.334103528552
114 0.334100863470
115 0.334098429913
116 0.334097469296
117 0.334098207206
118 0.334099928567
119 0.334101535704
120 0.334102201519
121 0.334101754475
122 0.334100643736
123 0.334099583157
124 0.334099123453
125 0.334099392441
126 0.334100108506
127 0.334100807783
128 0.334101124074
